3 2
4 3
5 5
6 8
7 9
8 9
9 11
10 10
11 16
12 15
13 15
14 17
15 24
16 17
17 34
18 33
19 46
20 38
21 32
22 30
23 41
24 35
25 43
26 52
27 38
28 57
29 38
30 36
31 52
32 57
33 76
34 72
35 72
36 61
37 73
38 111
39 58
40 53
41 87
42 167
43 67
44 71
45 99
46 88
47 138
48 95
49 73
50 91
51 83
52 97
53 125
54 148
55 109
56 145
57 106
58 89
59 113
60 162
61 102
62 97
63 109
64 158
65 149
66 153
67 183
68 217
69 181
70 208
71 144
72 161
73 159
74 158
75 147
76 170
77 134
78 138
79 171
80 169
81 169
82 178
83 172
84 154
85 258
86 207
87 204
88 195
89 268
90 175
91 183
92 216
93 261
94 167
95 170
96 216
97 195
98 237
99 280
100 255
101 372
102 169
103 195
104 222
105 284
106 236
107 328
108 195
109 230
110 237
111 276
112 312
113 357
114 510
115 229
116 293
117 237
118 300
119 234
120 329
121 356
122 504
123 299
124 381
125 305
126 416
127 403
128 349
129 311
130 355
131 262
132 345
133 307
134 260
135 300
136 239
137 314
138 359
139 244
140 308
141 394
142 317
143 441
144 399
145 578
146 293
147 328
148 302
149 316
150 440
151 391
152 380
153 280
154 314
155 605
156 329
157 384
158 663
159 414
160 406
161 619
162 584
163 408
164 452
165 336
166 417
167 354
168 344
169 355
170 421
171 480
172 515
173 476
174 609
175 517
176 540
177 391
178 432
179 523
180 487
181 535
182 594
183 532
184 545
185 460
186 527
187 395
188 594
189 348
190 456
191 510
192 575
193 500
194 570
195 497
196 527
197 448
198 506
199 526
200 509
201 716
202 619
203 608
204 569
205 533
206 989
207 488
208 582
209 505
210 909
211 511
212 460
213 934
214 661
215 567
216 638
217 774
218 827
219 741
220 680
221 517
222 564
223 491
224 556
225 658
226 878
227 737
228 1090
229 648
230 555
231 824
232 748
233 480
234 725
235 730
236 795
237 615
238 700
239 798
240 681
241 1011
242 705
243 621
244 606
245 582
246 698
247 874
248 726
249 735
